0 0 0
0.05 0.203932 0
0.1 0.384045 0
0.15 0.526962 0
0.2 0.631926 0
0.25 0.705885 0
0.3 0.757636 0
0.35 0.794538 0
0.4 0.821717 0
0.45 0.842451 0
0.5 0.85878 0
0.55 0.871988 0
0.6 0.882905 0
0.65 0.892087 0
0.7 0.899923 0
0.75 0.906692 0
0.8 0.912599 0
0.85 0.917799 0
0.9 0.922414 0
0.95 0.926536 0
1 0.930242 0
1.05 0.933591 0
1.1 0.936632 0
1.15 0.939407 0
1.2 0.941949 0
1.25 0.944286 0
1.3 0.946441 0
1.35 0.948436 0
1.4 0.950288 0
1.45 0.952011 0
1.5 0.953618 0
1.55 0.955121 0
1.6 0.95653 0
1.65 0.957853 0
1.7 0.959098 0
1.75 0.960271 0
1.8 0.961379 0
1.85 0.962427 0
1.9 0.963419 0
1.95 0.96436 0
2 0.965254 0
2.05 0.966105 0
2.1 0.966914 0
2.15 0.967686 0
2.2 0.968423 0
2.25 0.969127 0
2.3 0.9698 0
2.35 0.970444 0
2.4 0.971061 0
2.45 0 0
2.5 0 0
2.55 0 0
